RegioS,1995,1996,1997,1998,1999,2000,2001,2002,2003,2004,2005,2006,2007,2008,2009,2010,2011,2012,2013,2014,2015,2016,2017,2018,2019,2020,2021
Drenthe (PV),84984.0,91422.0,95585.0,107476.0,124071.0,147524.0,162681.0,171613.0,176452.0,182054.0,192449.0,205685.0,215473.0,214763.0,199306.0,205264.0,203389.0,193844.0,181850.0,185239.0,194566.0,205504.0,213562.0,228433.0,241941.0,266616.0,316653.0
Flevoland (PV),91262.0,97970.0,99788.0,108375.0,123189.0,155987.0,161364.0,179349.0,188406.0,191995.0,196149.0,206641.0,212973.0,219260.0,205904.0,206530.0,199148.0,189322.0,178294.0,188445.0,194188.0,204317.0,226753.0,253875.0,269589.0,301754.0,351576.0
Fryslân (PV),67992.0,74361.0,82212.0,91036.0,106520.0,125834.0,140906.0,156299.0,161157.0,172671.0,178770.0,190517.0,197251.0,203889.0,193069.0,195349.0,191714.0,180784.0,169899.0,174240.0,180461.0,187950.0,201430.0,216116.0,230643.0,254223.0,290253.0
Gelderland (PV),101759.0,112124.0,123558.0,138226.0,161724.0,190676.0,208459.0,216950.0,221397.0,230637.0,236534.0,248968.0,261513.0,264983.0,247406.0,245990.0,245088.0,233365.0,215875.0,221921.0,227324.0,237769.0,255392.0,275915.0,296243.0,323723.0,379346.0
Groningen (PV),67913.0,72509.0,79297.0,84559.0,96075.0,111768.0,129222.0,141432.0,148159.0,155116.0,168081.0,177983.0,186935.0,188062.0,181358.0,177940.0,180603.0,172575.0,163505.0,165832.0,171679.0,180595.0,195057.0,205000.0,219283.0,241080.0,283578.0
Limburg (PV),94311.0,103070.0,113429.0,122198.0,139342.0,157384.0,164674.0,174831.0,178283.0,182746.0,191026.0,201145.0,206883.0,208894.0,197055.0,195206.0,198167.0,189845.0,179427.0,186408.0,191829.0,199165.0,212920.0,229286.0,243850.0,263910.0,300777.0
Noord-Brabant (PV),100121.0,111137.0,123208.0,135731.0,156914.0,185790.0,208137.0,222348.0,228582.0,234885.0,244063.0,258691.0,271394.0,277906.0,258962.0,254941.0,252551.0,240127.0,221039.0,228412.0,235669.0,248763.0,268514.0,290569.0,310254.0,337960.0,385036.0
Noord-Holland (PV),101308.0,110897.0,122776.0,141255.0,168100.0,203428.0,220723.0,230964.0,229682.0,236614.0,247406.0,263306.0,285839.0,295730.0,273913.0,275914.0,279072.0,258872.0,243147.0,257128.0,273911.0,301899.0,333082.0,373688.0,396601.0,424553.0,490225.0
Overijssel (PV),83597.0,90786.0,102179.0,110332.0,128295.0,152617.0,170174.0,178482.0,185090.0,191927.0,198475.0,206909.0,215724.0,219612.0,212375.0,211088.0,208185.0,202549.0,189733.0,197070.0,198713.0,210683.0,227193.0,244270.0,260130.0,282983.0,325701.0
Utrecht (PV),109909.0,118383.0,135128.0,150746.0,179524.0,210598.0,225623.0,233166.0,237360.0,247971.0,257807.0,272931.0,290511.0,301065.0,280228.0,283922.0,282944.0,267112.0,249506.0,256282.0,264382.0,282981.0,316244.0,349404.0,371727.0,404811.0,460992.0
Zeeland (PV),75095.0,80457.0,86653.0,92769.0,103545.0,118726.0,135287.0,151333.0,167227.0,176675.0,189534.0,199519.0,203238.0,206965.0,196518.0,197788.0,197952.0,188728.0,183907.0,186748.0,193489.0,202262.0,213611.0,220889.0,242998.0,259014.0,294022.0
Zuid-Holland (PV),90469.0,100002.0,109367.0,117790.0,135551.0,159392.0,175719.0,187461.0,194716.0,201760.0,213568.0,225806.0,235504.0,242050.0,227133.0,230543.0,232987.0,219399.0,211626.0,217573.0,221441.0,232144.0,254146.0,280460.0,305261.0,333763.0,384214.0
